distance, snr, tof, label
3.867363452911377, 16.04370880126953, 883, 0
3.867363452911377, 15.447778701782227, 860, 0
3.867363452911377, 16.964401245117188, 875, 0
3.867363452911377, 20.166316986083984, 868, 0
3.867363452911377, 18.496845245361328, 875, 0
3.66585636138916, 22.779951095581055, 864, 0
3.659301280975342, 22.283666610717773, 863, 0
3.867363452911377, 19.744449615478516, 970, 0
3.782008409500122, 25.1820068359375, 3618, 0
3.558988094329834, 28.780689239501953, 3612, 0
3.637718915939331, 28.798521041870117, 3691, 0
3.6806864738464355, 25.606159210205078, 3378, 0
3.6572506427764893, 24.828872680664062, 3600, 0
3.5604441165924072, 28.462278366088867, 3560, 0
3.6615700721740723, 27.865068435668945, 3588, 0
3.6582536697387695, 25.93318748474121, 3541, 0
3.664520740509033, 29.74034309387207, 2716, 0
3.660651683807373, 31.32697105407715, 767, 0
3.6667332649230957, 31.66304588317871, 680, 1
3.6576316356658936, 29.384265899658203, 666, 1
3.6506173610687256, 27.789270401000977, 658, 1
3.677586078643799, 28.51832389831543, 560, 1
3.7957963943481445, 30.67043113708496, 475, 1
3.795989513397217, 27.60403060913086, 462, 1
3.8026299476623535, 23.714923858642578, 347, 1
3.0727696418762207, 21.571475982666016, 312, 1
3.012627601623535, 16.172786712646484, 381, 1
3.780975818634033, 25.554283142089844, 568, 1
3.7679736614227295, 26.447284698486328, 614, 1
3.6550521850585938, 29.04353141784668, 749, 1
3.6362082958221436, 27.030508041381836, 862, 0
3.660490036010742, 27.126758575439453, 2907, 0
3.6737799644470215, 30.429676055908203, 1235, 0
3.6773602962493896, 28.9531307220459, 3397, 0
3.6750426292419434, 26.941091537475586, 3048, 0
3.675593137741089, 27.712745666503906, 2758, 0
3.6687557697296143, 24.55092430114746, 3346, 0
3.6781835556030273, 26.3239688873291, 3498, 0
3.658198833465576, 24.82801055908203, 3636, 0
3.6711573600769043, 25.920364379882812, 3601, 0
3.6677918434143066, 28.051170349121094, 3604, 0
3.6720845699310303, 26.937992095947266, 3593, 0
3.6581971645355225, 24.835620880126953, 3684, 0
3.6727709770202637, 25.023120880126953, 3621, 0
3.642160177230835, 25.289505004882812, 3110, 0
3.6711630821228027, 25.350801467895508, 1191, 0
3.665165424346924, 26.367586135864258, 796, 0
3.6734230518341064, 19.8903751373291, 650, 1
3.776848316192627, 21.20215606689453, 590, 1
3.989468574523926, 18.55596351623535, 590, 1
3.989468574523926, 18.468647003173828, 591, 1
3.7860031127929688, 23.54905891418457, 575, 1
3.989468574523926, 19.882387161254883, 300, 1
3.3789429664611816, 15.866147994995117, 0, 1
0.9950495362281799, 17.348731994628906, 0, 1
3.256837844848633, 15.22936725616455, 0, 1
3.159653663635254, 18.08953094482422, 0, 1
3.1747794151306152, 18.505125045776367, 28, 1
3.262484073638916, 21.08742904663086, 199, 1
3.301577091217041, 24.740713119506836, 238, 1
3.3050410747528076, 24.29370880126953, 242, 1
3.193580150604248, 19.332246780395508, 260, 1
1.100473403930664, 15.934905052185059, 390, 1
3.5010480880737305, 15.909347534179688, 402, 1
3.301785945892334, 16.58554458618164, 408, 1
3.390075922012329, 19.40406036376953, 439, 1
3.867363452911377, 17.040618896484375, 633, 1
3.5594711303710938, 25.305686950683594, 865, 0
3.55930495262146, 26.002771377563477, 890, 0
3.6632280349731445, 26.225143432617188, 903, 0
3.6693577766418457, 26.670244216918945, 875, 0
3.6752915382385254, 30.115684509277344, 889, 0
3.1739490032196045, 21.99909019470215, 3139, 0
3.316321849822998, 20.846939086914062, 3560, 0
1.5473663806915283, 16.388864517211914, 3743, 0
3.6231532096862793, 18.21087646484375, 3649, 0
1.4252612590789795, 17.33275604248047, 3648, 0
3.554400682449341, 23.514516830444336, 3643, 0
3.4355597496032715, 27.47412872314453, 1305, 0
3.5010480880737305, 18.499868392944336, 1399, 0
3.135357618331909, 20.944412231445312, 1356, 0
3.293595314025879, 25.297950744628906, 1364, 0
1.5874285697937012, 23.04437255859375, 1321, 0
1.4252612590789795, 20.856037139892578, 1301, 0
3.176453113555908, 22.457260131835938, 1159, 0
1.1810511350631714, 19.880268096923828, 1149, 0
1.1810511350631714, 20.633682250976562, 1150, 0
3.19416880607605, 20.163021087646484, 1004, 0
3.5450048446655273, 21.48349380493164, 1016, 0
3.5374910831451416, 22.21417236328125, 1008, 0
3.508875846862793, 19.294172286987305, 999, 0
3.867363452911377, 18.373336791992188, 989, 0
3.6494994163513184, 20.1046142578125, 882, 0
3.6719160079956055, 20.486469268798828, 739, 1
3.792118787765503, 22.66944122314453, 664, 1
3.761579751968384, 19.618520736694336, 573, 1
3.9027111530303955, 24.796152114868164, 508, 1
3.8928956985473633, 18.322389602661133, 452, 1
4.111573696136475, 22.640125274658203, 421, 1
3.063084602355957, 15.76486587524414, 324, 1
3.316397190093994, 20.364879608154297, 274, 1
3.4087908267974854, 19.65334701538086, 158, 1
3.404865264892578, 23.151325225830078, 166, 1
3.4328322410583496, 24.87151336669922, 213, 1
3.2631359100341797, 22.637981414794922, 326, 1
0.8430314064025879, 15.740964889526367, 561, 0
0.9819275736808777, 20.51753807067871, 734, 0
1.1810511350631714, 15.499614715576172, 951, 0
3.745258331298828, 15.925742149353027, 1020, 0
3.745258331298828, 15.364002227783203, 1052, 0
3.6526448726654053, 24.332138061523438, 1071, 0
3.6263511180877686, 21.42911148071289, 1066, 0
3.745258331298828, 17.520652770996094, 1001, 0
3.867363452911377, 16.69184112548828, 1040, 0
3.505810022354126, 17.49139976501465, 999, 0
3.400599718093872, 21.472545623779297, 989, 0
3.3022263050079346, 18.0687313079834, 954, 0
3.6231532096862793, 17.8714599609375, 946, 0
3.3975818157196045, 17.608835220336914, 929, 0
3.552912712097168, 20.2695369720459, 863, 0
3.554426908493042, 22.617881774902344, 708, 0
1.0589460134506226, 15.114070892333984, 642, 1
3.745258331298828, 13.425361633300781, 564, 1
3.6297240257263184, 21.347169876098633, 558, 1
3.745258331298828, 15.915334701538086, 546, 1
3.745258331298828, 14.414499282836914, 533, 1
3.432537794113159, 19.653831481933594, 494, 1
1.0589460134506226, 13.252580642700195, 465, 1
3.3005619049072266, 16.965641021728516, 530, 1
3.6231532096862793, 13.390937805175781, 650, 0
3.501681089401245, 18.294450759887695, 764, 0
3.663403272628784, 20.61724090576172, 948, 0
3.7786543369293213, 26.648975372314453, 989, 0
3.7726080417633057, 22.594684600830078, 1000, 0
3.6708688735961914, 24.35805892944336, 1122, 0
3.6749379634857178, 21.031658172607422, 1092, 0
3.6720163822174072, 22.32794189453125, 1112, 0
3.551424980163574, 21.02077865600586, 1145, 0
3.5528042316436768, 20.55729103088379, 951, 1
3.745258331298828, 16.641069412231445, 590, 1
2.939396381378174, 13.857219696044922, 344, 1
3.431641101837158, 16.6269474029541, 67, 1
0.9810369610786438, 15.016584396362305, 9, 1
3.5479981899261475, 24.12668228149414, 312, 1
3.9023447036743164, 18.63011360168457, 541, 1
3.7854340076446533, 23.647756576538086, 821, 0
3.7702338695526123, 24.09334373474121, 1094, 0
3.6778833866119385, 22.363374710083008, 1129, 0
3.673945903778076, 21.60177230834961, 902, 0
0.6926305890083313, 15.923471450805664, 82, 1
0.9388128519058228, 24.014108657836914, 149, 1
0.8721293210983276, 15.489297866821289, 583, 0
3.6337831020355225, 18.482036590576172, 856, 0
3.6496145725250244, 18.650556564331055, 1019, 0
3.867363452911377, 15.697158813476562, 1135, 0
3.867363452911377, 18.466161727905273, 1189, 0
3.765287160873413, 24.36069679260254, 1156, 0
3.6741883754730225, 21.832483291625977, 1177, 0
3.7541465759277344, 22.028919219970703, 1085, 0
3.7519617080688477, 21.11899185180664, 991, 0
3.678307056427002, 21.393238067626953, 898, 0
3.675480842590332, 22.19354820251465, 790, 0
3.679288864135742, 22.762269973754883, 704, 1
3.772589921951294, 23.56214714050293, 640, 1
3.683797597885132, 20.29715347290039, 543, 1
3.867363452911377, 17.439512252807617, 459, 1
1.354591727256775, 16.74564552307129, 392, 1
1.1810511350631714, 14.616674423217773, 286, 1
1.228089451789856, 18.803377151489258, 184, 1
3.4270224571228027, 19.53883934020996, 169, 1
3.6231532096862793, 15.581960678100586, 245, 1
3.5010480880737305, 17.788082122802734, 357, 1
3.8038392066955566, 19.503028869628906, 492, 1
3.8998425006866455, 23.07176971435547, 625, 0
3.7774524688720703, 17.783639907836914, 733, 0
3.758842706680298, 22.00445556640625, 850, 0
3.7813467979431152, 26.75686264038086, 940, 0
3.6578521728515625, 19.831878662109375, 992, 0
3.6703040599823, 24.215543746948242, 1020, 0
3.867363452911377, 20.163698196411133, 3631, 0
3.296790361404419, 21.557729721069336, 4092, 0
3.402334451675415, 22.633480072021484, 3688, 0
3.1458935737609863, 20.261791229248047, 3692, 0
3.185548782348633, 22.402753829956055, 3712, 0
3.287156581878662, 22.319618225097656, 3679, 0
3.1945812702178955, 22.310197830200195, 3672, 0
3.1949844360351562, 23.899131774902344, 3689, 0
3.190300703048706, 23.459280014038086, 3716, 0
3.2645246982574463, 22.900331497192383, 3681, 0
3.1824817657470703, 21.545238494873047, 3681, 0
3.1784756183624268, 21.592571258544922, 3646, 0
3.1925923824310303, 22.588632583618164, 3643, 0
3.2773163318634033, 23.48926544189453, 3673, 0
3.1784274578094482, 19.854740142822266, 3694, 0
3.6828627586364746, 30.924209594726562, 3697, 0
3.6796932220458984, 29.040210723876953, 3645, 0
3.680802822113037, 26.3150634765625, 3636, 0
3.6808109283447266, 28.69370460510254, 3652, 0
3.6745104789733887, 27.679548263549805, 3711, 0
3.659168243408203, 28.883018493652344, 3675, 0
3.6808605194091797, 29.05084800720215, 3659, 0
3.676976442337036, 28.304630279541016, 3644, 0
3.670161724090576, 25.0394344329834, 3666, 0
3.677957057952881, 26.37253761291504, 3683, 0
3.681112289428711, 30.564117431640625, 3680, 0
3.6757984161376953, 25.38735580444336, 3679, 0
3.682569980621338, 26.682056427001953, 3743, 0
3.6813127994537354, 26.2607479095459, 3685, 0
3.6781535148620605, 25.856904983520508, 3677, 0
3.6819839477539062, 26.912540435791016, 3639, 0
3.683640718460083, 27.128610610961914, 3675, 0
3.6802115440368652, 26.32444190979004, 3670, 0
3.752915382385254, 29.022092819213867, 3652, 0
3.6817448139190674, 26.047515869140625, 3633, 0
3.682729482650757, 26.950111389160156, 3653, 0
3.754218101501465, 27.404268264770508, 3677, 0
3.6818947792053223, 25.981468200683594, 3701, 0
3.682311773300171, 27.122848510742188, 3691, 0
3.683267831802368, 27.815994262695312, 3649, 0
3.681216239929199, 26.030498504638672, 3669, 0
3.67707896232605, 25.048442840576172, 3642, 0
3.671938419342041, 28.349857330322266, 3598, 0
3.6747732162475586, 27.62254524230957, 851, 0
3.6776816844940186, 28.566707611083984, 938, 0
3.67504620552063, 25.154510498046875, 957, 0
3.6497769355773926, 24.375328063964844, 933, 0
3.6802639961242676, 28.329566955566406, 950, 0
3.6754884719848633, 26.813861846923828, 920, 0
3.6691882610321045, 27.58216094970703, 951, 0
3.682511806488037, 27.867843627929688, 1079, 0
3.6807448863983154, 29.795618057250977, 1021, 0
3.652876615524292, 22.603178024291992, 1006, 0
3.6831119060516357, 28.300765991210938, 638, 0
3.867363452911377, 17.756702423095703, 125, 1
3.6648125648498535, 23.46355628967285, 104, 1
3.673424243927002, 27.233741760253906, 100, 1
3.6580822467803955, 25.050716400146484, 200, 1
3.7889044284820557, 25.834016799926758, 429, 0
3.677637815475464, 26.000261306762695, 199, 1
3.7906076908111572, 26.848526000976562, 782, 1
3.675590991973877, 27.5285701751709, 1249, 0
3.766336441040039, 23.459320068359375, 3066, 0
3.664132833480835, 26.730012893676758, 3373, 0
3.6751081943511963, 29.015430450439453, 3688, 0
3.67057204246521, 26.79364776611328, 3666, 0
3.6700005531311035, 28.69165802001953, 3611, 0
3.669095754623413, 27.923669815063477, 3644, 0
3.6691713333129883, 27.45455551147461, 3690, 0
3.6660406589508057, 28.557323455810547, 3668, 0
3.6557276248931885, 20.43811798095703, 293, 1
3.7749557495117188, 27.55141830444336, 304, 1
3.673501968383789, 29.759931564331055, 314, 1
3.989468574523926, 20.12150764465332, 289, 1
3.508390188217163, 22.752330780029297, 3688, 0
3.6713311672210693, 29.92424964904785, 3590, 0
3.6687428951263428, 28.616588592529297, 3669, 0
3.6681458950042725, 30.066329956054688, 3624, 0
3.6754894256591797, 22.72061538696289, 964, 0
3.6428451538085938, 26.47056770324707, 1165, 0
3.6734561920166016, 29.60293197631836, 1182, 0
3.678467035293579, 26.028057098388672, 1031, 0
3.7524802684783936, 23.760154724121094, 702, 0
3.7688302993774414, 25.188823699951172, 352, 1
3.6604714393615723, 21.988689422607422, 211, 1
3.6639461517333984, 20.87436866760254, 211, 1
3.6786954402923584, 23.20058822631836, 140, 1
3.6801013946533203, 24.242847442626953, 448, 1
3.6830790042877197, 24.413320541381836, 1049, 0
3.4151971340179443, 17.371963500976562, 147, 1
3.6692986488342285, 24.675418853759766, 80, 1
3.6707139015197754, 25.64093017578125, 92, 1
3.673919200897217, 23.52533721923828, 128, 1
3.6636359691619873, 20.435264587402344, 250, 1
3.989468574523926, 19.428876876831055, 527, 1
3.666114568710327, 22.997018814086914, 737, 0
3.771625280380249, 26.70949935913086, 541, 1
3.6817121505737305, 24.35188102722168, 186, 1
3.7470943927764893, 26.311342239379883, 203, 1
3.68254017829895, 23.71242332458496, 210, 1
3.675236940383911, 23.313518524169922, 228, 1
3.666670322418213, 20.739681243896484, 277, 1
3.557488203048706, 23.734643936157227, 1001, 0
3.6782426834106445, 26.641212463378906, 969, 0
3.651176691055298, 28.813640594482422, 3672, 0
3.670490026473999, 28.6573486328125, 3654, 0
3.675663471221924, 31.094694137573242, 3706, 0
3.294569730758667, 19.636707305908203, 567, 0
3.8026163578033447, 24.165809631347656, 509, 1
3.6772966384887695, 31.372058868408203, 506, 1
3.670212984085083, 30.287879943847656, 535, 1
3.6695737838745117, 29.401519775390625, 3633, 1
3.669482469558716, 31.20061683654785, 3655, 0
3.6718413829803467, 29.86248016357422, 3620, 0
3.6683294773101807, 30.042797088623047, 3636, 0
3.6660540103912354, 27.746780395507812, 3757, 0
3.771650552749634, 21.624223709106445, 515, 1
3.6817708015441895, 21.979352951049805, 550, 1
3.5417211055755615, 25.3962345123291, 3662, 0
3.6561756134033203, 29.702434539794922, 3617, 0
3.663038492202759, 28.65125846862793, 2093, 0
3.745971202850342, 22.911264419555664, 1093, 0
3.6450002193450928, 26.9548397064209, 1227, 0
3.561206102371216, 24.501110076904297, 1071, 0
3.7610905170440674, 24.374143600463867, 437, 1
3.6762561798095703, 27.436933517456055, 83, 1
3.7912278175354004, 23.031982421875, 266, 1
3.772218942642212, 22.017223358154297, 259, 1
3.7805562019348145, 23.99854278564453, 357, 1
3.8018953800201416, 28.134811401367188, 605, 1
3.867363452911377, 19.478137969970703, 165, 1
3.7944252490997314, 28.93804931640625, 292, 1
3.6732609272003174, 24.33981704711914, 747, 1
3.5581538677215576, 26.455242156982422, 917, 0
3.675530195236206, 30.15959930419922, 3719, 0
3.6630096435546875, 30.117969512939453, 3682, 0
3.6816439628601074, 25.846355438232422, 3653, 0
3.674865484237671, 30.12080192565918, 3728, 0
3.679884195327759, 28.085411071777344, 3685, 0
3.6815314292907715, 28.09929847717285, 3621, 0
3.6770081520080566, 29.20526123046875, 3663, 0
3.781029224395752, 22.15251922607422, 886, 0
3.7688117027282715, 23.39214324951172, 282, 1
3.7464704513549805, 29.259899139404297, 100, 1
3.682619094848633, 27.788192749023438, 99, 1
3.7531869411468506, 29.374794006347656, 118, 1
3.77095890045166, 25.58795166015625, 738, 0
3.683229446411133, 26.940000534057617, 3518, 0
3.7516345977783203, 29.27208709716797, 3480, 0
3.6793856620788574, 28.44446563720703, 3559, 0
3.6706135272979736, 23.600339889526367, 894, 1
3.779057741165161, 19.552515029907227, 183, 1
3.6775832176208496, 27.294780731201172, 135, 1
3.678957939147949, 25.260751724243164, 126, 1
3.6824331283569336, 28.517955780029297, 127, 1
3.6737680435180664, 25.608997344970703, 134, 1
3.673492431640625, 26.679611206054688, 135, 1
3.8865890502929688, 22.231964111328125, 654, 1
3.665785312652588, 30.00053596496582, 3682, 0
3.670578956604004, 29.249191284179688, 3677, 0
3.6672232151031494, 28.6861515045166, 3691, 0
3.6681137084960938, 27.324750900268555, 3630, 0
3.6687703132629395, 28.413896560668945, 3560, 0
3.6632730960845947, 28.363513946533203, 3586, 0
3.6666712760925293, 28.41958999633789, 3655, 0
3.672182321548462, 30.06475067138672, 3623, 0
3.672431707382202, 27.786632537841797, 3551, 0
3.673035144805908, 27.631113052368164, 3659, 0
3.675239086151123, 28.42348289489746, 3641, 0
3.6748692989349365, 29.984214782714844, 3658, 0
3.6742196083068848, 29.713945388793945, 3651, 0
3.6718192100524902, 28.481754302978516, 3688, 0
3.6720829010009766, 28.102949142456055, 3698, 0
3.673483371734619, 29.37456512451172, 3712, 0
3.672114372253418, 28.799816131591797, 3723, 0
3.670628309249878, 29.396255493164062, 3677, 0
